price,timestamp
70325.67658057374,1730419200
72372.29254707399,1730332800
72757.37652913648,1730246400
69947.76650013289,1730160000
68008.69815204068,1730073600
67093.55030147493,1729987200
66691.37148336074,1729900800
68192.58427249927,1729814400
66697.6146990972,1729728000
67405.91951692318,1729641600
67392.32219388752,1729555200
69017.61976209315,1729468800
68378.47870783071,1729382400
68438.33632329713,1729296000
67381.52748995638,1729209600
67629.64885218008,1729123200
67036.14938831415,1729036800
66077.80601217879,1728950400
62885.8152123811,1728864000
63217.3604788656,1728777600
62481.827741905494,1728691200
60322.683465392765,1728604800
60638.03923091928,1728518400
62160.8919272664,1728432000
62273.69096385833,1728345600
62828.67924015286,1728259200
62078.73958466382,1728172800
62096.43458144523,1728086400
60779.11307883192,1728000000
60673.70615939728,1727913600
60869.473140911556,1727827200
63337.54198470313,1727740800
65639.43966478665,1727654400
65908.83951337289,1727568000
65810.07110371417,1727481600
65158.18669985691,1727395200
63154.04164951752,1727308800
64319.79333774158,1727222400
63333.03461542867,1727136000
63564.16915830287,1727049600
63389.49742048206,1726963200
63192.86353796025,1726876800
62946.9708880774,1726790400
61625.54401563008,1726704000
60305.257151074366,1726617600
58233.901317049276,1726531200
59169.34991517031,1726444800
59994.29475959723,1726358400
60559.11863663259,1726272000
58130.429539562916,1726185600
56905.019832399026,1726099200
57371.814884124,1726012800
57083.13288879378,1725926400
54627.58600582309,1725840000
54109.51348234921,1725753600
53689.445581079046,1725667200
56099.92773299221,1725580800
57993.89273307884,1725494400
57522.37355173016,1725408000
59128.132049909254,1725321600
57310.69541768499,1725235200
58949.24839816106,1725148800
58895.262590411054,1725062400
59266.22900833634,1724976000
58824.79391444178,1724889600
59477.60682846668,1724803200
62861.58242242082,1724716800
64210.21698371117,1724630400
64065.53851670525,1724544000
63645.6384834432,1724457600
60261.448369381054,1724371200
60801.26696412651,1724284800
58956.89169454296,1724198400
59266.10886002868,1724112000
58430.84776028594,1724025600
59375.663357888,1723939200
58694.17347815394,1723852800
57436.40787236151,1723766400
58687.48282977387,1723680000
60335.750482108284,1723593600
59129.24292733484,1723507200
58683.50989589358,1723420800
60854.03667533065,1723334400
60705.41091073601,1723248000
61735.55020948835,1723161600
55048.02343833158,1723075200
55832.96101724455,1722988800
53773.955409072216,1722902400
58036.542678200385,1722816000
60633.20342886284,1722729600
61460.11500749418,1722643200
65383.38953118874,1722556800
64658.04942502724,1722470400
66209.80406700414,1722384000
66823.36901443619,1722297600
68255.9185675814,1722211200
67890.82176176528,1722124800
67916.7554487671,1722038400
65801.18175591748,1721952000
65397.820041513514,1721865600
65940.18130666595,1721779200
67561.3826988212,1721692800
68138.94907118782,1721606400
67158.21649228006,1721520000
66672.83338379131,1721433600
63984.880735741404,1721347200
64099.70771366975,1721260800
65081.00748177685,1721174400
64783.83467306329,1721088000
60800.84220924764,1721001600
59209.26889241566,1720915200
57894.321698013766,1720828800
57357.33873260478,1720742400
57755.22294558317,1720656000
58018.21095726992,1720569600
56717.78434471508,1720483200
55871.87712835387,1720396800
58264.26378212909,1720310400
56660.961461148596,1720224000
57230.09164067777,1720137600
60216.2758657043,1720051200
62092.90851089907,1719964800
62896.10373641391,1719878400
62766.45082568643,1719792000
60962.04755643144,1719705600
60403.458422729345,1719619200
61668.21502624966,1719532800
60837.440426445566,1719446400
61808.03238333948,1719360000
60304.49333246537,1719273600
63215.82589090581,1719187200
64264.68153505468,1719100800
64106.835633642,1719014400
64853.61014900882,1718928000
64977.5622083171,1718841600
65149.90001916104,1718755200
66503.20496282722,1718668800
66688.39033669654,1718582400
66235.58219186743,1718496000
66053.58746465445,1718409600
66795.20909955415,1718323200
68268.8709585953,1718236800
67346.94377312304,1718150400
69557.69891197019,1718064000
69650.06947325302,1717977600
69298.86908708673,1717891200
69352.34061337344,1717804800
70761.17149240909,1717718400
71080.32868516298,1717632000
70551.83034859294,1717545600
68819.30110749176,1717459200
67804.36809574712,1717372800
67773.23575259953,1717286400
67553.07849441652,1717200000
68381.27090644836,1717113600
67656.95543017743,1717027200
68361.64574156502,1716940800
69450.03013902887,1716854400
68546.46498675192,1716768000
69290.58547403838,1716681600
68548.86589620463,1716595200
67958.47091146026,1716508800
69185.14263624772,1716422400
70146.37470902623,1716336000
71428.20363300655,1716249600
66300.476915219,1716163200
66938.80551823099,1716076800
66770.77398337374,1715990400
65237.44759179915,1715904000
66247.48552408164,1715817600
61565.11196192568,1715731200
62919.298739310834,1715644800
61463.801365240324,1715558400
60806.434129068024,1715472000
60797.96833175448,1715385600
63064.864000054855,1715299200
61202.97398062982,1715212800
62332.571108143144,1715126400
63270.821092872065,1715040000
64171.24799769728,1714953600
63965.442059998335,1714867200
62957.077666424484,1714780800
59228.49719711666,1714694400
58397.709977723905,1714608000
60731.94651856078,1714521600
63873.050161623345,1714435200
63216.83415093831,1714348800
63535.458240875945,1714262400
63808.11851429025,1714176000
64542.75720047606,1714089600
64277.28181931679,1714003200
66347.52762770357,1713916800
66803.2599112335,1713830400
64936.013569573646,1713744000
64965.74086838949,1713657600
63813.37144194716,1713571200
63482.463302194636,1713484800
61287.49410307757,1713398400
63807.0908921911,1713312000
63427.349394545134,1713225600
65675.77233524543,1713139200
63813.474427126734,1713052800
67097.7591706971,1712966400
70012.65201066887,1712880000
70571.29081290064,1712793600
69165.02353549369,1712707200
71669.77383575946,1712620800
69373.79655295868,1712534400
68841.90815687836,1712448000
67772.53961485304,1712361600
68366.89653660425,1712275200
65985.64716495435,1712188800
65462.18601476622,1712102400
69743.82761364339,1712016000
71247.44209780965,1711929600
69452.36940256346,1711843200
69770.45076180021,1711756800
70768.72833176758,1711670400
69504.45188515335,1711584000
70011.60568059202,1711497600
69932.08947677299,1711411200
67239.76154564237,1711324800
64084.86213088682,1711238400
63761.469917307964,1711152000
65516.46115672738,1711065600
67894.23653703433,1710979200
62033.964869575364,1710892800
67656.26854937046,1710806400
68494.06501576504,1710720000
65376.32751352316,1710633600
69383.35951831797,1710547200
71401.69208044559,1710460800
72995.37095536914,1710374400
71486.90428329947,1710288000
72149.54606754164,1710201600
68963.14727205799,1710115200
68313.07959374686,1710028800
68160.00659728328,1709942400
66794.33444713806,1709856000
66041.41987319925,1709769600
63858.19204006993,1709683200
68337.8777936931,1709596800
63150.45193736763,1709510400
62049.34575818554,1709424000
62438.74349246875,1709337600
61259.93449132747,1709251200
62488.52425032254,1709164800
57075.079302358325,1709078400
54498.56546201113,1708992000
51724.09850056881,1708905600
51542.65962636192,1708819200
50719.8046872998,1708732800
51298.56964510873,1708646400
51793.90057429483,1708560000
52305.15597874844,1708473600
51812.28644742549,1708387200
52122.06325047452,1708300800
51652.86166558633,1708214400
52130.13730105652,1708128000
51902.455052745725,1708041600
51773.3088270362,1707955200
49718.270274510345,1707868800
49909.88901962717,1707782400
48207.54763989125,1707696000
47791.05792791686,1707609600
47131.76135909767,1707523200
45261.446682338836,1707436800
44315.24477814069,1707350400
43095.622448719296,1707264000
42706.27175999033,1707177600
42589.19111426845,1707091200
43004.15177668279,1707004800
43197.213024987934,1706918400
43086.84958538425,1706832000
42598.107830335095,1706745600
42942.99485060231,1706659200
43285.51122311975,1706572800
42037.66806482398,1706486400
42124.8627002594,1706400000
41843.74640931896,1706313600
39953.23347396213,1706227200
40129.26533074056,1706140800
39894.4990261815,1706054400
39555.049134078195,1705968000
41626.00398425924,1705881600
41660.3955108758,1705795200
41529.62493304354,1705708800
41323.18622806838,1705622400
42774.52658744238,1705536000
43118.461644665214,1705449600
42509.81253825062,1705363200
41822.58216793252,1705276800
42857.26780123139,1705190400
42850.173794646355,1705104000
46380.11762803092,1705017600
46646.71271753378,1704931200
46152.67886617375,1704844800
46958.33145553589,1704758400
44372.61366738637,1704672000
44360.233155439455,1704585600
44341.83654777213,1704499200
44323.80765365857,1704412800
42917.33756592938,1704326400
45082.7938741234,1704240000
44161.94691743777,1704153600
42278.32417649594,1704067200
42165.21778098744,1703980800
42065.77111706566,1703894400
42743.678205111086,1703808000
43571.957840501556,1703721600
42546.11695530698,1703635200
43747.568496123335,1703548800
43131.25923377608,1703462400
43815.839229380945,1703376000
44045.4361693886,1703289600
43877.43791102344,1703203200
43658.85502262726,1703116800
42296.504541520895,1703030400
42672.768006325656,1702944000
41481.18090498178,1702857600
42364.34718483284,1702771200
41932.77550240765,1702684800
43036.76376378273,1702598400
42895.11717419542,1702512000
41542.58931669082,1702425600
41334.91916533037,1702339200
43788.09527704056,1702252800
43795.030035716976,1702166400
44170.77631135877,1702080000
43360.828121686674,1701993600
43836.362272602964,1701907200
44158.40957585225,1701820800
41992.09773809972,1701734400
40006.54855362555,1701648000
39480.588148795105,1701561600
38703.620784311075,1701475200
37713.67359117698,1701388800
37851.38551119825,1701302400
37852.24106522124,1701216000
37258.896629467,1701129600
37503.35221961845,1701043200
37841.41142588171,1700956800
37742.7740853525,1700870400
37313.1083765346,1700784000
37454.24701605759,1700697600
35889.406070931356,1700611200
37456.72788144362,1700524800
37416.20032894883,1700438400
36601.364676027544,1700352000
36637.21840038631,1700265600
36234.589079164216,1700179200
37901.734789419075,1700092800
35587.64349614453,1700006400
36521.16487994273,1699920000
37091.2968528049,1699833600
37169.82484565354,1699747200
37340.46362419479,1699660800
36721.486221061125,1699574400
35659.6699830175,1699488000
35458.166025795465,1699401600
35339.60565754542,1699315200
35325.310256327895,1699228800
35463.43921560105,1699142400
34917.43488107542,1699056000
35125.700985354706,1698969600
35499.44985375782,1698883200
34676.29667789536,1698796800
34538.26911450796,1698710400
34559.03049494985,1698624000
34139.50276104392,1698537600
33908.217935468325,1698451200
34168.65088223227,1698364800
34485.001384421,1698278400
33930.19191436916,1698192000
32949.99108601642,1698105600
29947.37524183543,1698019200
29904.03131364522,1697932800
29671.814133938246,1697846400
28648.98866109159,1697760000
28385.243554982608,1697673600
28462.304606129546,1697587200
28531.76947262187,1697500800
27210.84159921199,1697414400
26987.683197039212,1697328000
26930.679002534456,1697241600
26852.563851876377,1697155200
26897.53680617667,1697068800
27435.191367971303,1696982400
27684.05836951175,1696896000
27687.764170732567,1696809600
27676.47986962191,1696723200
27941.898267444903,1696636800
27445.647360193896,1696550400
27797.851210153127,1696464000
27424.417765125127,1696377600
27535.616195141287,1696291200
27907.995657418207,1696204800
26991.866587455064,1696118400
26915.94711913089,1696032000
27029.076710751713,1695945600
26354.265194024967,1695859200
26209.154945974904,1695772800
26317.340566459246,1695686400
26442.25802935307,1695600000
26717.829989859023,1695513600
26652.43657432762,1695427200
26616.21673707952,1695340800
27149.54988623477,1695254400
27240.2184031677,1695168000
26832.200798465357,1695081600
26702.620027496898,1694995200
26826.49754713832,1694908800
26705.419753835246,1694822400
26596.770833493978,1694736000
26273.169471179677,1694649600
25920.218059513354,1694563200
25271.235885332706,1694476800
25994.99847333591,1694390400
25938.813069959717,1694304000
25944.653681451706,1694217600
26131.50229396131,1694131200
25799.830488077445,1694044800
25887.20600019786,1693958400
25831.291651148673,1693872000
25993.342111400634,1693785600
25892.37323187874,1693699200
25992.117816464564,1693612800
26114.004982184324,1693526400
27386.893357625373,1693440000
27791.28262089737,1693353600
26219.46130823769,1693267200
26286.86873322369,1693180800
26254.418585184474,1693094400
26103.71307317649,1693008000
26295.84131200603,1692921600
26478.463767545883,1692835200
26057.38629343427,1692748800
26205.15459607447,1692662400
26422.851505069015,1692576000
26295.784379195768,1692489600
26215.985397025674,1692403200
26784.644360994193,1692316800
28805.017906420388,1692230400
29203.692434373126,1692144000
29402.93831773709,1692057600
29265.3494068878,1691971200
29437.401740583136,1691884800
29405.104936682095,1691798400
29430.020281653975,1691712000
29564.88449900453,1691625600
29771.604671485853,1691539200
29176.688794906688,1691452800
29028.669787001574,1691366400
29084.712974827635,1691280000
29084.600583378044,1691193600
29186.985333207354,1691107200
29159.39897685148,1691020800
29609.073120306562,1690934400
29228.83413697889,1690848000
29272.622436698144,1690761600
29378.04219352395,1690675200
29326.37185811484,1690588800
29202.238001586084,1690502400
29372.633823995875,1690416000
29233.153962344455,1690329600
29187.614486992472,1690243200
30050.35348250188,1690156800
29824.82795120193,1690070400
29920.16287576279,1689984000
29825.83336350028,1689897600
29933.81925915138,1689811200
29862.811436962,1689724800
30156.60391571558,1689638400
30312.00618714578,1689552000
30314.580459677592,1689465600
30319.941481930957,1689379200
31404.505073644727,1689292800
30395.675333504674,1689206400
30631.39509526272,1689120000
30404.66592463829,1689033600
30174.92620171971,1688947200
30266.095774792226,1688860800
30356.204016637577,1688774400
29982.84974258799,1688688000
30507.954286342665,1688601600
30807.256338590283,1688515200
31135.976929951343,1688428800
30606.501719213695,1688342400
30569.174168404574,1688256000
30477.730559597527,1688169600
30446.617252491324,1688083200
30103.339552694135,1687996800
30684.693707334445,1687910400
30266.555270791283,1687824000
30481.901825750985,1687737600
30520.810997315475,1687651200
30685.252363558437,1687564800
29906.58243993704,1687478400
30027.037763955377,1687392000
28298.143697233707,1687305600
26780.691673736874,1687219200
26348.482903960652,1687132800
26521.79586126197,1687046400
26331.355960205936,1686960000
25572.17982544709,1686873600
25122.24089989238,1686787200
25901.138917111497,1686700800
25904.228664524133,1686614400
25945.72751162634,1686528000
25880.197843136666,1686441600
26478.97694362013,1686355200
26529.449767795322,1686268800
26347.648326583738,1686182400
27224.392001411332,1686096000
25766.218940123916,1686009600
27172.167963063188,1685923200
27142.210088451742,1685836800
27253.81294620784,1685750400
26824.667184721522,1685664000
27198.769567048632,1685577600
27712.3680505751,1685491200
27755.31766408371,1685404800
28208.789443490226,1685318400
27342.731698595362,1685232000
26865.972735647007,1685145600
26549.146389807192,1685059200
26508.56011740873,1684972800
27247.959112177854,1684886400
26894.404306204062,1684800000
26979.77079459674,1684713600
27466.353076053132,1684627200
26932.668366080023,1684540800
26867.320820133427,1684454400
27414.655605559805,1684368000
27051.480523220314,1684281600
27304.991903644022,1684195200
27741.176835281607,1684108800
27578.998533779704,1684022400
26868.58930855009,1683936000
27094.663954121093,1683849600
27656.33056328297,1683763200
27662.212374864794,1683676800
27681.92388050043,1683590400
28674.019536124662,1683504000
28938.38075026966,1683417600
29515.134988015096,1683331200
28877.914010731543,1683244800
29148.00879902051,1683158400
28777.813720162332,1683072000
28121.292332139277,1682985600
29416.124425894308,1682899200
29455.983426538198,1682812800
29440.485370120634,1682726400
29490.622094136837,1682640000
28437.813084564386,1682553600
28331.41716498495,1682467200
27571.790411085312,1682380800
27950.517467651596,1682294400
27873.931484679924,1682208000
27292.79709250695,1682121600
28395.851612014972,1682035200
29188.753973765055,1681948800
30427.290275383308,1681862400
29694.69254432894,1681776000
30503.44338664709,1681689600
30456.749925817283,1681603200
30518.67261254506,1681516800
30419.727306240955,1681430400
29905.31756359447,1681344000
30252.960077028994,1681257600
29699.84395122933,1681171200
28560.055329898056,1681084800
28007.330356339153,1680998400
28020.901630363835,1680912000
28095.271563756563,1680825600
28210.61279955132,1680739200
28209.523420881178,1680652800
27844.626856654188,1680566400
28214.82380880046,1680480000
28514.76276683153,1680393600
28531.605781637525,1680307200
28047.78193543794,1680220800
28384.40652568327,1680134400
27295.841051821604,1680048000
27148.630381292623,1679961600
28030.900882359467,1679875200
27522.135129803915,1679788800
27483.79416473377,1679702400
28344.485878403964,1679616000
27359.74419544271,1679529600
28174.49429711143,1679443200
27910.88251545464,1679356800
28196.575101538758,1679270400
27106.238742761463,1679184000
27437.300407872033,1679097600
25024.191152664884,1679011200
24439.131194411533,1678924800
24749.109097967346,1678838400
24210.75417947049,1678752000
21986.119322956398,1678665600
20571.419516583886,1678579200
20211.307218276812,1678492800
20386.11472336544,1678406400
21804.918318754106,1678320000
22172.354020063758,1678233600
22440.56821447126,1678147200
22441.45484032046,1678060800
22410.093604794132,1677974400
22373.4350039817,1677888000
23483.745408105067,1677801600
23609.785883682664,1677715200
23205.274331585588,1677628800
23486.752417657724,1677542400
23550.760055420833,1677456000
23106.0109696048,1677369600
23181.874477789268,1677283200
23928.55441852451,1677196800
24128.75977180786,1677110400
24455.59374614498,1677024000
24808.96123651401,1676937600
24396.56591315289,1676851200
24725.638886004217,1676764800
24581.113643768607,1676678400
23767.67029160884,1676592000
24251.153675995614,1676505600
22220.229308592323,1676419200
21743.38959805822,1676332800
21863.977057315333,1676246400
21844.443514694267,1676160000
21643.163378898458,1676073600
21884.207001374773,1675987200
22971.167861212056,1675900800
23243.99728649324,1675814400
22846.034213100353,1675728000
22960.572016697115,1675641600
23437.653777019023,1675555200
23444.136305295906,1675468800
23551.42525342391,1675382400
23711.282683363133,1675296000
23106.367763276987,1675209600
22813.83063540092,1675123200
23770.707406282785,1675036800
23051.52688817389,1674950400
23095.659600448733,1674864000
23023.174259010288,1674777600
23049.500823109127,1674691200
22718.915168849417,1674604800
22937.336817666313,1674518400
22666.769558746375,1674432000
22919.888356078467,1674345600
22618.448992609727,1674259200
21066.123702928122,1674172800
20732.719400825652,1674086400
21180.89564321747,1674000000
21180.763126782625,1673913600
20851.511353469068,1673827200
20915.151767042615,1673740800
19878.35837239463,1673654400
18845.151126280532,1673568000
17831.419064902362,1673481600
17440.3309441872,1673395200
17178.228072501053,1673308800
17091.348560244733,1673222400
16956.262946700983,1673136000
16956.90016318666,1673049600
16833.643667481087,1672963200
16838.52988091907,1672876800
16667.50465625054,1672790400
16687.885225107402,1672704000
16611.125122954774,1672617600
16534.732819749825,1672531200
16603.77775057341,1672444800
16624.258093497403,1672358400
16530.43150498131,1672272000
16701.630646250003,1672185600
16904.081333215832,1672099200
16827.44019452971,1672012800
16841.01511337779,1671926400
16790.52124823332,1671840000
16816.765213094124,1671753600
16815.892198310612,1671667200
16898.858233820552,1671580800
16453.06436483681,1671494400
16768.159486007775,1671408000
16748.28262508078,1671321600
16675.618987523572,1671235200
17370.928468435995,1671148800
17809.82561043399,1671062400
17780.05044951595,1670976000
17188.881249021368,1670889600
17115.85098192828,1670803200
17138.87784728394,1670716800
17131.34896777201,1670630400
17216.25765257134,1670544000
16837.873452188443,1670457600
17059.316125953224,1670371200
16966.346161070578,1670284800
17109.321672646925,1670198400
16900.020407218995,1670112000
17078.106110604764,1670025600
16972.667976548582,1669939200
17161.88159259827,1669852800
16451.57408990099,1669766400
16217.872169103452,1669680000
16530.62643011088,1669593600
16480.9943910512,1669507200
16515.641509437184,1669420800
16586.79911490752,1669334400
16582.453733455663,1669248000
16193.99634309047,1669161600
15795.435558934225,1669075200
16587.608897301365,1668988800
16703.61740334436,1668902400
16682.364874671577,1668816000
16700.57228036568,1668729600
16652.86300704758,1668643200
16867.121951951725,1668556800
16576.095006286447,1668470400
16351.883820128262,1668384000
16797.10130234182,1668297600
16929.061098814323,1668211200
17610.697741790675,1668124800
15855.853574220106,1668038400
18548.83487504349,1667952000
20582.851201220084,1667865600
21018.234733244237,1667779200
21325.53805132186,1667692800
21157.066225479477,1667606400
20220.401734015737,1667520000
20141.471291158414,1667433600
20467.50812549817,1667347200
20479.208967127473,1667260800
20612.43386186972,1667174400
20804.63928177286,1667088000
20614.07264223981,1667001600
20304.904402445696,1666915200
20796.79440537108,1666828800
20088.88949528977,1666742400
19340.308596714236,1666656000
19573.945710594326,1666569600
19224.743178623594,1666483200
19171.716585167207,1666396800
19043.007733153812,1666310400
19134.953718722045,1666224000
19330.855313632113,1666137600
19551.72865732599,1666051200
19272.634813521036,1665964800
19059.505750492528,1665878400
19178.694180492534,1665792000
19395.167990708942,1665705600
19159.413606257716,1665619200
19043.016646839686,1665532800
19150.16070970713,1665446400
19449.660827846197,1665360000
19424.334778259425,1665273600
19533.479913026964,1665187200
19958.188130104398,1665100800
20162.832886036496,1665014400
20348.864266169527,1664928000
19633.920246989983,1664841600
19061.977056869182,1664755200
19323.098709190504,1664668800
19432.17549546893,1664582400
19571.917882364036,1664496000
19435.79308869015,1664409600
19093.923776004005,1664323200
19219.897431838788,1664236800
18815.874469674476,1664150400
18933.83917869323,1664064000
19306.5013666009,1663977600
19419.090921000647,1663891200
18495.48099952306,1663804800
18877.405542828383,1663718400
19554.697660953076,1663632000
19427.362423363153,1663545600
20118.0172757737,1663459200
19788.145225331602,1663372800
19702.8689807274,1663286400
20234.367141219438,1663200000
20177.841887703362,1663113600
22397.377509662452,1663027200
21769.165291550136,1662940800
21681.83999468816,1662854400
21366.891944803232,1662768000
19323.190343050166,1662681600
19296.737394517964,1662595200
18824.03098682217,1662508800
19787.42161639851,1662422400
19979.11905031342,1662336000
19825.55072119856,1662249600
19957.178120874712,1662163200
20119.48624977238,1662076800
20047.490950299456,1661990400
19813.46105926454,1661904000
20293.194611751405,1661817600
19606.778624379018,1661731200
20046.421015289896,1661644800
20228.269154791327,1661558400
21582.533288779257,1661472000
21380.290503573968,1661385600
21529.50945495057,1661299200
21359.68404827754,1661212800
21529.38900392313,1661126400
21140.534917523764,1661040000
20861.001221906627,1660953600
23231.83795235057,1660867200
23336.71533981613,1660780800
23871.4751294137,1660694400
24094.898015431907,1660608000
24338.10153774609,1660521600
24439.701312584537,1660435200
24398.622309231567,1660348800
23942.23096058992,1660262400
23949.13822328073,1660176000
23165.950558452547,1660089600
23803.509084302656,1660003200
23177.10512117604,1659916800
22943.61342324319,1659830400
23297.692357883076,1659744000
22616.409813157676,1659657600
22831.962371069036,1659571200
22986.35138354446,1659484800
23281.2783261645,1659398400
23311.2136970204,1659312000
23635.182324613328,1659225600
23768.108862238038,1659139200
23853.41571617924,1659052800
22950.022587195264,1658966400
21262.33529478643,1658880000
21305.1377101232,1658793600
22585.478067934426,1658707200
22456.752959990055,1658620800
22693.62199478036,1658534400
23154.377019534655,1658448000
23218.564844031847,1658361600
23407.069995589,1658275200
22530.84426114663,1658188800
20779.780750034024,1658102400
21197.59543284907,1658016000
20826.952137050423,1657929600
20581.791061264656,1657843200
20242.36823177723,1657756800
19318.751809816367,1657670400
19958.652531369353,1657584000
20848.49843684342,1657497600
21585.116803820438,1657411200
21621.39895876426,1657324800
21640.583191165224,1657238400
20574.246215348052,1657152000
20199.86524518771,1657065600
20232.307706408796,1656979200
19336.33023101922,1656892800
19251.632437104385,1656806400
19283.16448407148,1656720000
19817.3808229203,1656633600
20118.63850775155,1656547200
20290.10378216914,1656460800
20740.725287883903,1656374400
21054.92312525325,1656288000
21525.680322078668,1656201600
21244.415041551863,1656115200
21126.199103936822,1656028800
19985.311611001693,1655942400
20738.243984577977,1655856000
20613.30151315254,1655769600
20578.317382500183,1655683200
19012.435077810544,1655596800
20478.792284015864,1655510400
20421.178159276224,1655424000
22582.121756527034,1655337600
22231.43586607027,1655251200
22473.17291417464,1655164800
26727.185969081896,1655078400
28394.51980027406,1654992000
29101.197597380964,1654905600
30123.80782133388,1654819200
30236.402630970206,1654732800
31151.633300853115,1654646400
31374.850832187087,1654560000
29934.4427299247,1654473600
29854.04796858122,1654387200
29720.73250999946,1654300800
30477.64837433337,1654214400
29823.572192162483,1654128000
31842.088017939328,1654041600
31763.010359230968,1653955200
29476.24058138545,1653868800
29054.0041028465,1653782400
28635.743465946474,1653696000
29275.98891618453,1653609600
29572.494618782755,1653523200
29665.70838390659,1653436800
29154.377848594257,1653350400
30341.17729391753,1653264000
29472.3493826889,1653177600
29223.59990812234,1653091200
30340.570758411483,1653004800
28740.190911682494,1652918400
30470.226736929988,1652832000
29890.06088346399,1652745600
31326.277499185715,1652659200
30154.582719991184,1652572800
29323.36900889031,1652486400
29074.896069175564,1652400000
29028.394847241183,1652313600
31052.40215101793,1652227200
30315.568835935566,1652140800
34076.7471967065,1652054400
35499.257189177566,1651968000
36041.06932794265,1651881600
36588.58812240827,1651795200
39707.08669687924,1651708800
37783.352269722054,1651622400
38548.86616930271,1651536000
38519.410378245986,1651449600
37698.05110860097,1651363200
38646.82956546246,1651276800
39845.84316712624,1651190400
39267.48182628509,1651104000
38172.04359728637,1651017600
40433.885785579914,1650931200
39551.736246977154,1650844800
39507.55826013386,1650758400
39779.22669373872,1650672000
40540.59222336212,1650585600
41383.79671629941,1650499200
41490.05944631322,1650412800
40799.34444757167,1650326400
39822.257678203976,1650240000
40454.727828331845,1650153600
40563.978745903936,1650067200
40013.8334569824,1649980800
41183.48811490272,1649894400
40146.78190645738,1649808000
39620.436169146116,1649721600
42269.15275092676,1649635200
42774.473086433594,1649548800
42327.99188087798,1649462400
43491.05582758928,1649376000
43226.7583720783,1649289600
45614.35512944004,1649203200
46629.495966930495,1649116800
46520.2065613863,1649030400
45928.61935566642,1648944000
46260.34772256533,1648857600
45544.57004943779,1648771200
47076.566097362425,1648684800
47461.39419303183,1648598400
47144.95236445738,1648512000
46457.8289415119,1648425600
44518.05817848312,1648339200
44188.22521644064,1648252800
43946.19812068838,1648166400
42810.767186580386,1648080000
42360.659495804255,1647993600
41050.24852864982,1647907200
41044.61782620094,1647820800
42139.79925576541,1647734400
41804.93291523503,1647648000
40927.71333522345,1647561600
41108.337592493706,1647475200
39328.275668045324,1647388800
39656.98731208137,1647302400
37879.39238260929,1647216000
38887.05036757436,1647129600
38787.83899328886,1647043200
39433.708586322966,1646956800
41934.6149674384,1646870400
38744.70155300279,1646784000
38062.95418661115,1646697600
38424.237498673574,1646611200
39398.053231214515,1646524800
39136.4537351783,1646438400
42463.5224262205,1646352000
43931.35809617444,1646265600
44385.48855797705,1646179200
43205.0389686785,1646092800
37735.1758097665,1646006400
39095.33399842083,1645920000
39220.937955090245,1645833600
38347.074037009355,1645747200
37273.93446588004,1645660800
38264.01144628453,1645574400
37060.14089647816,1645488000
38436.62024377578,1645401600
40113.04903344257,1645315200
40013.809049346906,1645228800
40543.54963973643,1645142400
43942.605334232554,1645056000
44556.48171231067,1644969600
42580.4008551526,1644883200
42171.61239457665,1644796800
42207.645968284305,1644710400
42390.93029013995,1644624000
43518.09305291205,1644537600
44348.06887010132,1644451200
44097.990475129074,1644364800
43851.548827431856,1644278400
42392.217548897446,1644192000
41431.44707313994,1644105600
41520.73909682552,1644019200
37170.22898693588,1643932800
36925.953184571415,1643846400
38740.82348071303,1643760000
38710.54400141085,1643673600
37924.435025661376,1643587200
38154.91043077554,1643500800
37773.487552407394,1643414400
37142.436674518656,1643328000
36830.04589953014,1643241600
36938.112423570776,1643155200
36650.97549235741,1643068800
36228.24633111452,1642982400
35179.582058884575,1642896000
36478.11978959923,1642809600
40883.67869176135,1642723200
41877.60035407356,1642636800
42538.82914000733,1642550400
42401.55629115217,1642464000
43304.457261991265,1642377600
43355.69993459393,1642291200
43242.06710039115,1642204800
42607.68202079974,1642118400
44011.311732708724,1642032000
42845.638962802426,1641945600
41938.86493664508,1641859200
42077.11465439324,1641772800
41883.04470811205,1641686400
41573.7294791625,1641600000
43253.82606224523,1641513600
43639.198327313374,1641427200
45998.00519196456,1641340800
46552.90192901236,1641254400
47420.210724025674,1641168000
47778.49399303909,1641081600
46331.005291211746,1640995200
47217.186572366794,1640908800
46563.534742305914,1640822400
47688.24685825039,1640736000
50798.94568791157,1640649600
50872.045278295845,1640563200
50614.48934726627,1640476800
50865.27514682944,1640390400
50827.36489460013,1640304000
48686.9885661959,1640217600
48989.47711544549,1640131200
46948.469032738525,1640044800
46748.67045473615,1639958400
46909.79438711585,1639872000
46287.64843653499,1639785600
47719.710934459894,1639699200
48955.30409036659,1639612800
48380.596537202146,1639526400
46765.273766872175,1639440000
50090.2745413083,1639353600
49301.33065339291,1639267200
47200.35478276619,1639180800
47752.38092494971,1639094400
50513.32431184398,1639008000
50659.85059693794,1638921600
50598.18840864811,1638835200
49414.69419984093,1638748800
49227.04247389618,1638662400
53605.72256029077,1638576000
56453.41775868731,1638489600
57140.063340083885,1638403200
57003.92480323303,1638316800
57743.596784050096,1638230400
57043.25195860558,1638144000
54577.33802437505,1638057600
53604.854948042535,1637971200
58878.65451395351,1637884800
57278.559191063956,1637798400
57628.15492117313,1637712000
56362.044432713854,1637625600
58649.82716969685,1637539200
59724.51862280682,1637452800
58124.2583870609,1637366400
56875.22701460561,1637280000
60313.646629909825,1637193600
60249.05669095141,1637107200
63671.802670784724,1637020800
65348.0917528982,1636934400
64396.302495540665,1636848000
64197.73561991118,1636761600
64845.14339205053,1636675200
64991.0315799296,1636588800
66956.5314096248,1636502400
67566.47480103343,1636416000
63168.3658783098,1636329600
61409.9519383135,1636243200
61064.69266457452,1636156800
61451.555882416134,1636070400
62920.565496888215,1635984000
63161.76825428557,1635897600
61013.80731135374,1635811200
61353.97320439991,1635724800
61776.414507534224,1635638400
62272.460322264786,1635552000
60556.78250832223,1635465600
58614.76451766912,1635379200
60396.453049647724,1635292800
63018.219058632734,1635206400
60886.63568032453,1635120000
61295.62416099621,1635033600
60687.60978460077,1634947200
62226.72921435549,1634860800
65970.3834821493,1634774400
64218.58004321885,1634688000
61992.06742836465,1634601600
61547.209020724964,1634515200
60858.979234035105,1634428800
61621.18597935096,1634342400
57327.824419257486,1634256000
57353.346833157375,1634169600
56056.282844283385,1634083200
57430.42776298806,1633996800
54709.86229587451,1633910400
54988.622780680875,1633824000
53940.20397261129,1633737600
53774.61282845198,1633651200
55362.85466173558,1633564800
51515.61513964392,1633478400
49145.668239527135,1633392000
48169.961695159065,1633305600
47710.83397704222,1633219200
48097.9881687609,1633132800
43754.49410780105,1633046400
41551.804262414706,1632960000
41025.679848330685,1632873600
42246.06348358782,1632787200
43193.87099548131,1632700800
42702.81829017805,1632614400
42820.35526202072,1632528000
44868.08232605991,1632441600
43595.33482283395,1632355200
40614.64356916629,1632268800
42915.797726897086,1632182400
47250.03150783453,1632096000
48252.8919114988,1632009600
47268.1265202364,1631923200
47804.933718666325,1631836800
48133.32627516433,1631750400
47029.74583742939,1631664000
45046.55014539659,1631577600
46165.81516422698,1631491200
45194.10065967477,1631404800
44928.119715509565,1631318400
46405.44000990662,1631232000
46095.74610264305,1631145600
46873.58806569818,1631059200
52645.69319952859,1630972800
51741.30091140978,1630886400
49927.96711167452,1630800000
50014.24082437137,1630713600
49319.01098796335,1630627200
48810.974321610076,1630540800
47186.07113733665,1630454400
47044.84124338907,1630368000
48808.53914663827,1630281600
48885.235887119976,1630195200
49009.50780429944,1630108800
46995.3542641572,1630022400
48964.218656877245,1629936000
47732.23111263922,1629849600
49502.700207223075,1629763200
49300.110886287606,1629676800
48926.592131918456,1629590400
49272.15578930924,1629504000
46716.82855254782,1629417600
44833.43158459091,1629331200
44686.37410777922,1629244800
45980.89352972708,1629158400
47044.92304811531,1629072000
47066.796057017644,1628985600
47772.54626488775,1628899200
44423.710311500865,1628812800
45613.915194358364,1628726400
45587.90303269035,1628640000
,1628553600
43798.07824460365,1628467200
44601.72419011695,1628380800
42842.47203544502,1628294400
40869.430304310365,1628208000
38382.39865547839,1628121600
38170.265532139274,1628035200
39197.43375395335,1627948800
40038.27323349143,1627862400
,1627776000
42068.50587028678,1627689600
39990.62007777584,1627603200
39999.50762613287,1627516800
39278.418542716165,1627430400
37327.37249376109,1627344000
35287.79019433358,1627257600
34238.99164116926,1627171200
33532.8995190272,1627084800
32325.945126081824,1626998400
32123.549447407295,1626912000
29791.706756646578,1626825600
30909.009818779883,1626739200
31795.811040308025,1626652800
31542.540826473614,1626566400
31418.134920948487,1626480000
31672.04293008871,1626393600
32785.972156487864,1626307200
32655.24164413537,1626220800
33068.164974500556,1626134400
33859.43662466242,1626048000
33344.10080314346,1625961600
33635.90633470976,1625875200
32785.285447579845,1625788800
33859.075125697294,1625702400
34154.229299002705,1625616000
33803.721442915696,1625529600
35307.176948642744,1625443200
34674.73887856653,1625356800
33843.70589014816,1625270400
33593.073717512016,1625184000
35054.96217624975,1625097600
35885.852951299494,1625011200
34431.38807397045,1624924800
34592.06278214442,1624838400
31972.28226533534,1624752000
31686.830709263035,1624665600
34634.216404271676,1624579200
33667.34816735435,1624492800
32415.565947258354,1624406400
31603.276763301335,1624320000
35677.515849801996,1624233600
35634.456780799635,1624147200
35725.82339118284,1624060800
38069.599399592385,1623974400
38339.54696132082,1623888000
40331.2177404699,1623801600
40486.935383090204,1623715200
39032.11363190065,1623628800
35516.36239436759,1623542400
37277.754200056195,1623456000
36779.69334159145,1623369600
37294.65325291901,1623283200
33426.777834538145,1623196800
33531.19817903671,1623110400
35798.68901228371,1623024000
35502.51219956544,1622937600
36910.86577968429,1622851200
39176.08850089272,1622764800
37623.16194292632,1622678400
36659.49357551241,1622592000
,1622505600
35664.558406608834,1622419200
34563.74340704053,1622332800
35679.88137657796,1622246400
38487.150112858755,1622160000
39241.042126117936,1622073600
38213.56622663302,1621987200
38617.63784121371,1621900800
34847.889610923194,1621814400
37574.89514532112,1621728000
37194.479362659156,1621641600
40628.54096863474,1621555200
37357.463027585014,1621468800
43127.854904698346,1621382400
43647.63184282477,1621296000
46416.70451441021,1621209600
46925.70249829308,1621123200
49896.225776488085,1621036800
49724.35140532614,1620950400
50776.01625182148,1620864000
57355.80084349949,1620777600
56564.237651530195,1620691200
59094.99026423199,1620604800
59574.86531369274,1620518400
57811.04519012387,1620432000
56987.63428600856,1620345600
58182.795288817935,1620259200
53723.713634040134,1620172800
57880.48320295874,1620086400
57120.50997889023,1620000000
58238.26449857099,1619913600
58349.38150590475,1619827200
53990.192200870566,1619740800
55089.53693106533,1619654400
55368.22559810168,1619568000
54320.4232459273,1619481600
49541.555982561884,1619395200
50367.022903308774,1619308800
51321.46661954921,1619222400
52529.732828344175,1619136000
54730.72527022124,1619049600
57037.30363260934,1618963200
56251.842008983636,1618876800
57076.02253766969,1618790400
61030.024172024714,1618704000
62162.375486124794,1618617600
63670.09409334017,1618531200
63428.44561946117,1618444800
64020.34773340609,1618358400
60364.09723985397,1618272000
60735.11220827609,1618185600
60304.17523557118,1618099200
58759.6353205522,1618012800
58548.83060952477,1617926400
56931.837091084104,1617840000
58782.34313323537,1617753600
59527.15401294662,1617667200
58604.13891269203,1617580800
57552.32875631007,1617494400
59340.54762592658,1617408000
58947.72442546595,1617321600
,1617235200
58856.75331245194,1617148800
57813.81282941802,1617062400
55876.81531363479,1616976000
55974.74976559781,1616889600
55115.04608193885,1616803200
51885.28942877906,1616716800
53012.99378922718,1616630400
54932.018351850435,1616544000
54462.19720415019,1616457600
57607.73895693378,1616371200
58275.66823563421,1616284800
58207.44935732568,1616198400
57875.91197461028,1616112000
58792.85769469806,1616025600
56778.28577747258,1615939200
55931.574532546096,1615852800
59475.74060297631,1615766400
61295.29800939524,1615680000
57552.49625145598,1615593600
57722.69400498059,1615507200
55941.232844757,1615420800
54831.848431263505,1615334400
52494.04614592101,1615248000
51375.59090429785,1615161600
48926.36490751674,1615075200
49051.23842001996,1614988800
48733.36742441403,1614902400
50692.66270691344,1614816000
48477.72781862108,1614729600
49766.321899820665,1614643200
45144.528357637,1614556800
46378.24662957672,1614470400
46480.09442600806,1614384000
47579.12366748323,1614297600
49773.358241388036,1614211200
48730.66873737706,1614124800
54356.42505386212,1614038400
57715.866585746095,1613952000
56285.80881713284,1613865600
55672.49404076635,1613779200
51692.841448781284,1613692800
52385.082043211536,1613606400
49374.48352569171,1613520000
47977.76432097017,1613433600
48812.318798932465,1613347200
47239.50292374463,1613260800
47490.39890515682,1613174400
47924.80128226496,1613088000
44937.73003183413,1613001600
46424.64730925085,1612915200
46212.2718570113,1612828800
39058.15233540098,1612742400
39294.41353916324,1612656000
38030.38835740222,1612569600
36907.63962596132,1612483200
37320.26909665157,1612396800
35470.29973257104,1612310400
33463.51079904875,1612224000
,1612137600
34215.85651364398,1612051200
34147.21703052314,1611964800
33085.089188999795,1611878400
30397.65866228919,1611792000
32598.83765391594,1611705600
,1611619200
32320.983479756782,1611532800
32069.051460660256,1611446400
32910.19930326242,1611360000
30797.54097469226,1611273600
35584.23067937137,1611187200
36123.858004539,1611100800
36683.239174750954,1611014400
35758.505200548745,1610928000
36169.31109925022,1610841600
36702.06937388454,1610755200
39179.099178977645,1610668800
37311.85318846259,1610582400
33884.56596438083,1610496000
35576.48722279714,1610409600
38399.96729199953,1610323200
40222.443864396955,1610236800
40716.75325248644,1610150400
39332.90086434998,1610064000
36826.25048709922,1609977600
33997.26934526701,1609891200
32649.169915218274,1609804800
32872.789188306015,1609718400
32114.9340160492,1609632000
29337.798220232573,1609545600
28986.858151840697,1609459200
28820.628052695425,1609372800
27006.06526619024,1609286400
27094.45035531626,1609200000
26321.099710000653,1609113600
26436.365202464924,1609027200
23482.59723839318,1608940800
23721.877943904718,1608854400
23185.084354623425,1608768000
23783.894149141423,1608681600
22843.341497372785,1608595200
23459.96932240701,1608508800
23861.091865355593,1608422400
22764.081200024542,1608336000
22827.46988414768,1608249600
21338.3688321674,1608163200
19383.77418274512,1608076800
19256.89443515422,1607990400
19207.85680208354,1607904000
18781.62094816956,1607817600
18065.98380001724,1607731200
18256.37736933354,1607644800
18532.647440638942,1607558400
18307.682993515584,1607472000
19150.98822708053,1607385600
19293.577523422235,1607299200
19121.307919672887,1607212800
18688.17317161989,1607126400
19397.615428651912,1607040000
19180.70533705829,1606953600
18831.84747862843,1606867200
18453.648198611114,1606780800
18168.62602407986,1606694400
17705.415035907467,1606608000
17104.93032996781,1606521600
17136.096232638665,1606435200
18767.75489823592,1606348800
19137.83622560507,1606262400
18387.57981808575,1606176000
18400.814416566172,1606089600
18670.27666955243,1606003200
18617.46134142156,1605916800
17814.959460132362,1605830400
17795.161012091114,1605744000
17630.245925597697,1605657600
16693.812569022582,1605571200
15955.389640844196,1605484800
16054.37171721698,1605398400
16313.629463692838,1605312000
16271.273570192432,1605225600
15684.867031062022,1605139200
15286.618793872309,1605052800
15323.156872499008,1604966400
15472.742858135009,1604880000
14831.082655548515,1604793600
15566.268891990643,1604707200
15590.371918982124,1604620800
14132.054131147115,1604534400
13962.822684016413,1604448000
13565.34353136976,1604361600
13737.610636297683,1604275200
13780.37494182639,1604188800
13552.543755810242,1604102400
13450.734895525571,1604016000
13275.164105866645,1603929600
13663.860503941167,1603843200
13067.925049306987,1603756800
13019.799790414221,1603670400
13112.467763002129,1603584000
12933.873648790523,1603497600
12983.72203420033,1603411200
12818.024027597568,1603324800
11913.804593513407,1603238400
11748.67677561826,1603152000
11499.817856163349,1603065600
11364.209228620392,1602979200
11320.693312374147,1602892800
11496.774436994656,1602806400
11433.68962767363,1602720000
11427.180073543022,1602633600
11537.587858077735,1602547200
11380.287344170061,1602460800
11293.490563883923,1602374400
11068.670982618538,1602288000
10919.173876509576,1602201600
10674.198958922034,1602115200
10608.713962090538,1602028800
10787.697520763684,1601942400
10678.881745295714,1601856000
10553.659780198497,1601769600
10571.942464796839,1601683200
10618.702829014584,1601596800
10778.743711933019,1601510400
10845.888431947036,1601424000
10712.376571444513,1601337600
10775.79501277132,1601251200
10748.791685751294,1601164800
10692.332881516015,1601078400
10736.501579217225,1600992000
10247.169891020469,1600905600
10534.868662670862,1600819200
10448.402124214,1600732800
10926.13223806507,1600646400
11091.865772763982,1600560000
10940.003326844673,1600473600
10947.762263946615,1600387200
10969.263557142123,1600300800
10796.783908089124,1600214400
10680.752321592672,1600128000
10326.787224343998,1600041600
10451.497503402687,1599955200
10389.132673272448,1599868800
10356.074165285912,1599782400
10229.580847242016,1599696000
10126.950724211547,1599609600
10365.78835758882,1599523200
10265.481968853084,1599436800
10157.104482031591,1599350400
10480.700766587655,1599264000
10214.860782812031,1599177600
11405.686443935414,1599091200
11914.949933307631,1599004800
11662.907439681572,1598918400
11684.756394609147,1598832000
11490.30169579166,1598745600
11521.905568069356,1598659200
11316.047904956404,1598572800
11471.037856045075,1598486400
11360.151145550648,1598400000
11771.226962361041,1598313600
11667.341813875868,1598227200
11692.788492268006,1598140800
11531.646426991556,1598054400
11869.068548652967,1597968000
11736.964835177934,1597881600
11966.670458906212,1597795200
12287.213359903566,1597708800
11903.360970816357,1597622400
11880.43541008052,1597536000
11756.531021720815,1597449600
11765.024883143888,1597363200
11568.965516089344,1597276800
11391.132366771497,1597190400
11875.002399330928,1597104000
11680.510299613601,1597017600
11736.754779734862,1596931200
11594.98476213665,1596844800
11780.243196321988,1596758400
11728.892795045253,1596672000
11192.812614003624,1596585600
11246.913193197639,1596499200
11082.337481810097,1596412800
11798.471370595791,1596326400
11341.535814857187,1596240000
11115.396881859986,1596153600
11111.581908636448,1596067200
10919.488159372222,1595980800
11009.751298966275,1595894400
9938.356064269637,1595808000
9699.332721403734,1595721600
9545.897736648774,1595635200
9603.468941976927,1595548800
9548.760712760766,1595462400
9415.741514822059,1595376000
9194.76423289021,1595289600
9230.954153667857,1595203200
9207.546616423973,1595116800
9179.661434362335,1595030400
9155.572595093421,1594944000
9225.725093800429,1594857600
9273.032756241995,1594771200
9266.825894994434,1594684800
9325.517830929844,1594598400
9260.864233766131,1594512000
9305.917898113823,1594425600
9262.020474537489,1594339200
9453.742360885157,1594252800
9277.820825232231,1594166400
9359.775179381322,1594080000
9113.722915131382,1593993600
9164.902557483229,1593907200
9100.687400616664,1593820800
9109.291596189398,1593734400
9230.534867063074,1593648000
9153.374408819835,1593561600
9191.27472179242,1593475200
9150.33178592713,1593388800
9031.68391927883,1593302400
9185.109930333527,1593216000
9274.901178826069,1593129600
9292.318069442195,1593043200
9605.79532135031,1592956800
9693.543987617228,1592870400
9311.22593463469,1592784000
9369.035526625185,1592697600
9314.705413111375,1592611200
9414.600573419844,1592524800
9535.85259583906,1592438400
9531.1634377669,1592352000
9432.013402274475,1592265600
9364.740064218024,1592179200
9674.444798075656,1592092800
9600.635149239291,1592006400
9389.88684076743,1591920000
10013.247314632763,1591833600
9915.31153204644,1591747200
9848.816567273874,1591660800
9883.370929375664,1591574400
9843.65307824374,1591488000
9761.304878039073,1591401600
9883.434593619622,1591315200
9777.43689727782,1591228800
9616.848531880689,1591142400
10271.465117543217,1591056000
9469.817905459737,1590969600
9683.734853524156,1590883200
9438.536635865117,1590796800
9562.71037175783,1590710400
9186.473057565685,1590624000
8864.63184069322,1590537600
8879.38392318821,1590451200
8780.631157259391,1590364800
9191.453019974428,1590278400
9174.399517849059,1590192000
9075.81774683646,1590105600
9530.436466506106,1590019200
9772.281083309721,1589932800
9734.539185091266,1589846400
9675.734683048722,1589760000
9375.559889618218,1589673600
9325.959881193508,1589587200
9760.08003529163,1589500800
9275.958207488768,1589414400
8799.462884524413,1589328000
8603.426349436575,1589241600
8760.087406196433,1589155200
9577.621921329755,1589068800
9834.656579808438,1588982400
9947.118993513248,1588896000
9188.54108008414,1588809600
8966.431061478883,1588723200
8887.478279060739,1588636800
8885.227304830902,1588550400
8956.347551311585,1588464000
8832.52086872243,1588377600
8615.01714671203,1588291200
8762.8283058749,1588204800
7764.81200490611,1588118400
7779.370536994931,1588032000
7675.51199079209,1587945600
7520.153426313699,1587859200
7510.849646558625,1587772800
7483.938261417149,1587686400
7114.156036984834,1587600000
6855.738951531914,1587513600
6853.389676053706,1587427200
7140.086358763158,1587340800
7231.785510034779,1587254400
7049.984081193382,1587168000
7095.6736801536235,1587081600
6635.681821725565,1586995200
6845.918759364269,1586908800
6838.368951047439,1586822400
6970.4974393198545,1586736000
6860.6366607541595,1586649600
6870.188203572352,1586563200
7302.378472151405,1586476800
7349.780542842488,1586390400
7200.00023632695,1586304000
7300.23308829806,1586217600
6797.478864762814,1586131200
6868.909758319493,1586044800
6748.088217272347,1585958400
6820.009228375848,1585872000
6648.432118857576,1585785600
6436.142199964835,1585699200
6410.750107875249,1585612800
5915.061523241956,1585526400
6247.245239396839,1585440000
6389.302932245919,1585353600
6728.5345304975035,1585267200
6697.483700690625,1585180800
6764.10436964439,1585094400
6481.774502032936,1585008000
5845.560325964974,1584921600
6175.960485110681,1584835200
6215.0596193755155,1584748800
6144.196089386522,1584662400
5295.991236846949,1584576000
5257.249085231719,1584489600
5026.416499984713,1584403200
5371.564387214201,1584316800
5185.415132740036,1584230400
5539.1937761909385,1584144000
4726.950594732893,1584057600
7943.995836964182,1583971200
7901.311003095654,1583884800
7946.318604089243,1583798400
8048.472469165451,1583712000
8902.79771749123,1583625600
9131.929045953468,1583539200
9062.191465038655,1583452800
8765.238867154387,1583366400
8782.207863965039,1583280000
8901.932726456207,1583193600
8565.578419344944,1583107200
8580.916489443673,1583020800
8702.08404265018,1582934400
8799.789842172855,1582848000
8820.886861964353,1582761600
9342.677134886133,1582675200
9683.175198814697,1582588800
9956.434738942427,1582502400
9689.303121448052,1582416000
9691.18576866559,1582329600
9620.538542720422,1582243200
9626.760175087617,1582156800
10159.614139781406,1582070400
9714.53802442625,1581984000
9957.548191282694,1581897600
9901.756137453112,1581811200
10341.596344744825,1581724800
10240.118717943576,1581638400
10364.598110748522,1581552000
10251.356260645078,1581465600
9872.806062665348,1581379200
10087.395889273766,1581292800
9901.963100602017,1581206400
9811.940856466803,1581120000
9790.768976994463,1581033600
9621.603878909928,1580947200
9202.581502549652,1580860800
9304.288918676295,1580774400
9281.506726660626,1580688000
9278.647019919521,1580601600
9265.770741789142,1580515200
9449.66379300291,1580428800
9263.231826003213,1580342400
9342.447490924525,1580256000
8884.076267229126,1580169600
8555.405415389965,1580083200
8342.292042695402,1579996800
8402.522117254017,1579910400
8385.74437554436,1579824000
8661.826616632414,1579737600
8721.655496778056,1579651200
8644.053955952768,1579564800
8699.408120296486,1579478400
8936.11099174076,1579392000
8917.134817205708,1579305600
8709.710412797045,1579219200
8757.210038713582,1579132800
8784.491189826951,1579046400
8130.546137800312,1578960000
8166.352302814133,1578873600
8030.018034235551,1578787200
8127.264516896255,1578700800
7874.443770339185,1578614400
8084.364816039508,1578528000
8204.2759438924,1578441600
7773.0645828263305,1578355200
7386.17976517341,1578268800
7379.55621003567,1578182400
7363.473036136218,1578096000
7002.932127127578,1578009600
7221.126851919723,1577923200
7189.134570972831,1577836800
7236.307629954749,1577750400
7414.070599763404,1577664000
7316.426679250386,1577577600
7280.2024052413535,1577491200
7240.982432657806,1577404800
7233.481030897536,1577318400
7318.994276893451,1577232000
7382.173052901835,1577145600
7512.828045434855,1577059200
7233.987533106829,1576972800
7273.441609962334,1576886400
7232.825359611039,1576800000
7360.940655894419,1576713600
6698.308364434016,1576627200
6949.001284996725,1576540800
7155.9958570609115,1576454400
7116.784325875612,1576368000
7280.986265001978,1576281600
7241.179147060811,1576195200
7228.513714756794,1576108800
7287.830423067741,1576022400
7391.116522241441,1575936000
7574.995976672856,1575849600
7559.937899535803,1575763200
7590.987379832492,1575676800
7516.050659646468,1575590400
7381.2932796825025,1575504000
7387.108693195305,1575417600
7371.5342034958985,1575331200
7442.172106310937,1575244800
7590.136674047397,1575158400
7780.484578745868,1575072000
7485.6889628748095,1574985600
7576.782052268474,1574899200
7200.260930815943,1574812800
7195.1631263343525,1574726400
6986.148801850144,1574640000
7375.633990855644,1574553600
7381.892548968966,1574467200
7762.000076859603,1574380800
8130.882041911556,1574294400
8216.613243293317,1574208000
8293.117617130349,1574121600
8543.079740319728,1574035200
8511.538953392588,1573948800
8511.124445378433,1573862400
8691.593818720143,1573776000
8819.45489039033,1573689600
8874.679069098032,1573603200
8757.885309728976,1573516800
9073.270768413007,1573430400
8862.270595447513,1573344000
8839.474321624004,1573257600
9257.752871010083,1573171200
9381.29821649138,1573084800
9351.994760822514,1572998400
9420.66316856462,1572912000
9211.407120248517,1572825600
9323.653457910463,1572739200
9228.933736100602,1572652800
